P-0987	1	7.9	2
K-876	3	6.97222	9
N-3431	1	8.38461	3
A-012	3	7.81482	19
A-123	4	7.825	7
A-234	4	7.34091	11
A-345	3	8.94444	7
A-456	3	6.97436	13
A-567	3	9.5	4
A-678	3	7.51111	8
A-789	2	9.25	3
A-890	1	7.44444	4
B-901	3	9.46667	4
K-912	1	7	3
M-923	3	8.5	9
R-934	3	6.51282	14
T-945	3	9.5	4
Y-956	2	8.46667	5
U-967	2	9.5	1
I-978	2	6.55556	6
O-989	2	9.5	4
P-990	2	6.45455	8
S-101	2	8.5	5
F-123	2	9.5	2
G-134	2	6.6	7
H-145	2	9.5	4
J-156	2	6.55556	6
L-167	2	9.5	4
Z-178	2	6.45455	8
X-189	2	8.5	6
C-190	2	7.46154	10
V-201	2	9.5	2
N-212	2	6.46667	8
Q-223	2	9.5	4
W-234	2	6.55556	6
E-245	2	9.5	4
A-256	3	6.66667	14
B-267	1	8.5	3
K-278	1	7.46154	5
M-289	1	9.5	1
R-290	1	6.66667	4
T-301	1	9.5	2
Y-312	1	7.55556	2
U-323	1	9.5	3
I-334	1	7.45455	4
O-345	1	9.5	2
P-356	1	8.46154	3
S-367	1	6.5	5
D-378	1	9.46667	2
F-389	1	6.5	4
G-390	1	9.55556	1
H-401	1	7.5	2
J-412	1	9.45455	3
L-423	1	7.5	4
Z-434	1	9.53846	1
X-445	1	8.5	2
C-456	1	9.46667	3
V-467	1	6.5	4
N-478	1	9.55556	1
M-007	2	4.9	1009
